9.276679992675781250e+00
8.786981582641601562e+00
8.226246833801269531e+00
7.349703788757324219e+00
6.966758251190185547e+00
6.744217872619628906e+00
6.617578029632568359e+00
6.649876117706298828e+00
6.923715591430664062e+00
6.479592323303222656e+00
6.788914680480957031e+00
6.676520347595214844e+00
9.277562141418457031e+00
8.842980384826660156e+00
8.197542190551757812e+00
7.619031429290771484e+00
6.727606773376464844e+00
6.985496044158935547e+00
6.659770965576171875e+00
6.791848182678222656e+00
6.847574710845947266e+00
6.617831230163574219e+00
6.910252571105957031e+00
6.742830753326416016e+00
