9.160031833499999721e+00
8.184202332299999938e+00
9.735723354700001053e+00
8.006104086699998845e+00
5.589704837000000204e+00
4.639453133299999976e+00
5.747343760700000637e+00
6.430815912599999962e+00
8.729429249400000757e+00
7.932994943899999818e+00
5.793181428999999660e+00
5.420527625000000072e+00
8.285688545599999344e+00
9.032417103000000225e+00
9.194729869899999741e+00
8.961803809199999193e+00
5.194179556599999970e+00
6.791392453099999393e+00
6.824257163799999581e+00
5.334674447600000313e+00
8.966101298899999961e+00
8.880085028399999914e+00
4.679069386700000166e+00
5.989564315199999989e+00
