8.876623153686523438e+00
9.143374443054199219e+00
9.414490699768066406e+00
8.309867858886718750e+00
6.708079814910888672e+00
5.710656642913818359e+00
6.201882839202880859e+00
6.298533916473388672e+00
7.936257839202880859e+00
7.075945377349853516e+00
5.986595630645751953e+00
6.881436347961425781e+00
8.079142570495605469e+00
8.719514846801757812e+00
9.021234512329101562e+00
7.199441909790039062e+00
4.726541042327880859e+00
5.956734180450439453e+00
6.943158149719238281e+00
7.358148574829101562e+00
8.575483322143554688e+00
6.002561092376708984e+00
4.163483619689941406e+00
6.282750606536865234e+00
