8.539467811584472656e+00
9.340782165527343750e+00
9.634340286254882812e+00
8.534790039062500000e+00
6.476371765136718750e+00
6.231370449066162109e+00
6.822710514068603516e+00
7.079551219940185547e+00
7.660372734069824219e+00
7.288162231445312500e+00
5.644481182098388672e+00
6.588604927062988281e+00
7.751478195190429688e+00
8.580252647399902344e+00
8.810753822326660156e+00
7.521031856536865234e+00
4.397638797760009766e+00
6.473675727844238281e+00
6.669285774230957031e+00
6.781901836395263672e+00
7.732756614685058594e+00
6.976253509521484375e+00
4.380793094635009766e+00
6.745576381683349609e+00
