9.190709114074707031e+00
9.221088409423828125e+00
9.784765243530273438e+00
8.964047431945800781e+00
6.202877998352050781e+00
5.374025821685791016e+00
7.360260486602783203e+00
7.594589233398437500e+00
7.885461330413818359e+00
7.732928752899169922e+00
5.109072208404541016e+00
6.112162590026855469e+00
7.330176830291748047e+00
8.058444023132324219e+00
9.283802986145019531e+00
8.246550559997558594e+00
5.253292083740234375e+00
5.807157993316650391e+00
6.899711132049560547e+00
6.798096656799316406e+00
7.826574802398681641e+00
6.818589210510253906e+00
5.406296730041503906e+00
7.430444240570068359e+00
