9.357229232788085938e+00
9.274544715881347656e+00
7.990314960479736328e+00
7.773405551910400391e+00
8.066590309143066406e+00
6.810515880584716797e+00
7.015074729919433594e+00
6.514525413513183594e+00
7.846223354339599609e+00
6.654977798461914062e+00
4.703682899475097656e+00
6.358132362365722656e+00
7.491027832031250000e+00
8.205892562866210938e+00
9.448406219482421875e+00
7.925320625305175781e+00
5.072644710540771484e+00
5.675181388854980469e+00
6.730787754058837891e+00
6.375234127044677734e+00
8.375196456909179688e+00
7.146663665771484375e+00
5.071837425231933594e+00
8.029793739318847656e+00
