9.278400421142578125e+00
9.960664749145507812e+00
9.449575424194335938e+00
9.164996147155761719e+00
7.732851982116699219e+00
7.021893978118896484e+00
5.557152748107910156e+00
6.416828155517578125e+00
6.219263076782226562e+00
7.356959819793701172e+00
5.611337661743164062e+00
6.814678668975830078e+00
7.926926136016845703e+00
8.443313598632812500e+00
9.057542800903320312e+00
7.844528198242187500e+00
4.017495632171630859e+00
5.287267684936523438e+00
6.455202102661132812e+00
7.698580741882324219e+00
8.336881637573242188e+00
7.048734188079833984e+00
4.974003791809082031e+00
7.765777587890625000e+00
